0,441
0,440
0,439
0,438
36,3
36,2
36,1
36,0
35,4
35,3
35,2
35,1
35,0
34,4
0,437
0,436
34,3
34,2
34,1
34,0
0,435
0,434
33,3
33,2
0,433
33,1
33,0
0,432
0,431
0,430
0,429
32,4
0,428
0,427
0,426
0,425
0,424
0,423
0,422
0,421
32,3
32,2
0,420
32,1
32,0
0,419
0,418
31,3
31,2
0,417
31,1
31,0
0,416
0,415
0,414
0,413
0,412
0,411
30,4
0,410
0,409
0,408
0,278
0,407
0,406
0,405
0,404
0,403
30,3
30,2
0,402
30,1
30,0
0,401
0,400
29,3
29,2
0,399
29,1
29,0
0,398
0,397
0,396
0,395
0,394
0,393
0,392
0,391
0,390
0,389
0,388
0,387
0,386
0,385
24,52
24,51
24,50
24,49
24,48
24,47
24,46
24,45
24,44
24,43
24,42
24,41
24,40
24,39
24,38
24,37
24,36
17,2
17,1
17,3
15,2
15,1
15,3
16,2
16,1
